-4.000000000000000327e-05 -2.560000000000000209e-03
-4.000000000000000327e-05 -2.560000000000000209e-03
-1.900000000000000105e-04 -1.018999999999999941e-02
-4.000000000000000327e-05 -2.560000000000000209e-03
-7.820000000000000562e-03 -2.710000000000000169e-03
-5.069999999999999854e-03 -1.231999999999999935e-02
-5.069999999999999854e-03 -1.231999999999999935e-02
-4.000000000000000327e-05 -2.560000000000000209e-03
-7.820000000000000562e-03 -2.710000000000000169e-03
-4.000000000000000327e-05 -2.560000000000000209e-03
-7.820000000000000562e-03 -2.710000000000000169e-03
-7.820000000000000562e-03 -2.710000000000000169e-03
-7.820000000000000562e-03 -2.710000000000000169e-03
-1.900000000000000105e-04 -1.018999999999999941e-02
-5.069999999999999854e-03 -1.231999999999999935e-02
-4.000000000000000327e-05 -1.247000000000000018e-02
-7.820000000000000562e-03 -2.710000000000000169e-03
-4.000000000000000327e-05 -2.560000000000000209e-03
-1.900000000000000105e-04 -1.018999999999999941e-02
-1.900000000000000105e-04 -1.018999999999999941e-02
